version https://git-lfs.github.com/spec/v1
oid sha256:056fc338e2c18dd0f7df986042fc2d2baedf736830f333943b3cd4e5a41aee49
size 1070
